0.0 0.0 0.0 0.0 0.0 0.0 0.0 1.0
1.5666667222976685 -0.20579615235328674 0.020090563222765923 -1.2016401290893555 0.001845250721089542 0.004887165501713753 -0.01016363687813282 0.9999347925186157
4.866666793823242 -2.4501395225524902 -0.21023620665073395 -2.7500953674316406 -0.00034467666409909725 0.020897679030895233 0.06075902655720711 0.9979339838027954
6.099999904632568 -7.028893947601318 -0.6694619059562683 -3.0989272594451904 -0.003328122431412339 0.0006090445094741881 0.05963989347219467 0.9982144832611084
7.400000095367432 -11.731559753417969 -1.2745970487594604 -3.452214479446411 -0.0021717718336731195 -0.019023623317480087 0.057438649237155914 0.9981654286384583
8.433333396911621 -15.353011131286621 -2.1181862354278564 -4.140380859375 -0.04587244242429733 -0.05349280312657356 0.45726969838142395 0.886532187461853
9.600000381469727 -15.584750175476074 -6.3450846672058105 -4.341065883636475 -0.04516492411494255 -0.06192333996295929 0.736575186252594 0.6719998121261597
10.933333396911621 -15.13106632232666 -11.27510929107666 -4.932209014892578 -0.028064560145139694 -0.0868266373872757 0.7353383898735046 0.671529233455658
12.333333015441895 -14.442814826965332 -16.426729202270508 -6.482731819152832 -0.02305595949292183 -0.0991368219256401 0.7343838810920715 0.6710596680641174
13.633333206176758 -14.01617431640625 -21.101091384887695 -6.794216632843018 -0.003158564679324627 -0.11854306608438492 0.7328841090202332 0.6699398756027222
14.966666221618652 -13.796571731567383 -26.224294662475586 -6.9023308753967285 0.018095720559358597 -0.13793720304965973 0.7283762097358704 0.6709050536155701
16.266666412353516 -13.110030174255371 -30.85573387145996 -8.429137229919434 0.022488854825496674 -0.16022272408008575 0.7253968715667725 0.6690452694892883
17.633333206176758 -12.840795516967773 -35.805824279785156 -9.751694679260254 0.05151321366429329 -0.16387058794498444 0.7265152335166931 0.6653348803520203
18.933332443237305 -12.293009757995605 -40.27668380737305 -11.65465259552002 0.06661537289619446 -0.18745332956314087 0.7231410145759583 0.6614311933517456
20.266666412353516 -11.826700210571289 -45.105831146240234 -12.999390602111816 0.08432862907648087 -0.20994466543197632 0.7177608013153076 0.6585075259208679
21.600000381469727 -11.276786804199219 -49.75935363769531 -15.095459938049316 0.08221466094255447 -0.23285862803459167 0.7066299319267273 0.6630919575691223
22.766666412353516 -9.228930473327637 -52.980430603027344 -16.46933364868164 -0.09174004197120667 -0.2961224317550659 0.9477315545082092 0.07549337297677994
23.733333587646484 -6.095955848693848 -52.23759078979492 -15.451643943786621 -0.18792656064033508 -0.2307642549276352 0.7768561840057373 -0.5549103617668152
24.799999237060547 -6.276867866516113 -48.701988220214844 -13.514203071594238 -0.21746988594532013 -0.16044437885284424 0.6507181525230408 -0.7095995545387268
25.866666793823242 -6.592559337615967 -45.04450988769531 -11.869476318359375 -0.20175029337406158 -0.14832139015197754 0.6565747261047363 -0.7114813923835754
26.96666717529297 -6.944791316986084 -41.21819305419922 -10.228875160217285 -0.19184917211532593 -0.1227249801158905 0.6605910658836365 -0.7153679132461548
28.133333206176758 -7.309454441070557 -36.96855163574219 -9.024110794067383 -0.19218580424785614 -0.13999126851558685 0.6601138114929199 -0.7125420570373535
29.200000762939453 -7.5639214515686035 -33.353214263916016 -7.3418402671813965 -0.1667715311050415 -0.11342836171388626 0.665404736995697 -0.7187201380729675
30.266666412353516 -7.832112789154053 -29.36801528930664 -6.4838151931762695 -0.15358476340770721 -0.09208004921674728 0.6690869331359863 -0.7212882041931152
31.399999618530273 -8.13283920288086 -25.518909454345703 -5.2263102531433105 -0.1393209993839264 -0.08613558113574982 0.6737349629402161 -0.7205905318260193
32.56666564941406 -8.468472480773926 -21.119945526123047 -4.674221515655518 -0.1302366703748703 -0.08838887512683868 0.6722466349601746 -0.7234030961990356
33.733333587646484 -8.719446182250977 -16.93662452697754 -3.771573305130005 -0.10835877805948257 -0.06923264265060425 0.676371693611145 -0.7252500653266907
34.93333435058594 -8.972879409790039 -12.525846481323242 -3.3344836235046387 -0.09829603135585785 -0.05780718848109245 0.6763674020767212 -0.7276847958564758
36.16666793823242 -9.228466033935547 -8.08260440826416 -2.4106998443603516 -0.08287687599658966 -0.048485830426216125 0.6758589148521423 -0.7307500243186951
37.599998474121094 -6.239579677581787 -5.5094523429870605 -2.225965976715088 -0.04606012627482414 -0.06462240219116211 0.9822249412536621 0.1701122224330902
38.70000076293945 -4.19474458694458 -8.567817687988281 -2.460491418838501 0.02848871238529682 -0.0576494075357914 0.7338889241218567 0.6762188673019409
39.93333435058594 -3.683090925216675 -13.13040828704834 -2.917383909225464 0.03309078514575958 -0.07406299561262131 0.7355102896690369 0.6726410984992981
41.20000076293945 -3.2029917240142822 -17.637496948242188 -3.8799428939819336 0.03539321571588516 -0.09054067730903625 0.7349891066551208 0.6710761189460754
42.33333206176758 -2.8539206981658936 -21.718082427978516 -4.420955181121826 0.04796118289232254 -0.10820397734642029 0.7324000000953674 0.6705096364021301
43.53333282470703 -2.4488422870635986 -25.93958282470703 -5.799851417541504 0.06462615728378296 -0.1202184185385704 0.7321564555168152 0.6673210859298706
44.599998474121094 -2.157357692718506 -29.81700325012207 -6.6558756828308105 0.0770297572016716 -0.13585714995861053 0.7269958257675171 0.6686456799507141
45.66666793823242 -1.8113170862197876 -33.591461181640625 -7.992451190948486 0.09278195351362228 -0.14468301832675934 0.7300668358802795 0.6614077687263489
46.70000076293945 -1.375194787979126 -37.318519592285156 -9.142322540283203 0.09810616075992584 -0.15878383815288544 0.7251866459846497 0.662772536277771
47.79999923706055 -1.0108294486999512 -41.107295989990234 -10.79396915435791 0.1025148555636406 -0.16528941690921783 0.7161484956741333 0.6702999472618103
48.96666717529297 -0.5455583333969116 -45.045433044433594 -12.571998596191406 0.11094820499420166 -0.18994995951652527 0.7205071449279785 0.6576315760612488
50.0 -0.22803251445293427 -48.52857971191406 -14.180553436279297 0.11988117545843124 -0.1969660073518753 0.725007176399231 0.6489969491958618
50.766666412353516 0.306163489818573 -50.9632453918457 -15.567814826965332 0.04996559023857117 -0.2581508159637451 0.8688452839851379 0.41948482394218445
51.70000076293945 3.5169599056243896 -51.505008697509766 -15.759891510009766 -0.07827998697757721 -0.3026268184185028 0.9408015608787537 -0.13108132779598236
52.63333511352539 5.078657150268555 -49.26527404785156 -14.361150741577148 -0.19177831709384918 -0.2048678696155548 0.6420618295669556 -0.7134477496147156
53.66666793823242 4.717439651489258 -45.737144470214844 -12.77918815612793 -0.18836680054664612 -0.19903495907783508 0.6391622424125671 -0.7185913920402527
54.599998474121094 4.4003167152404785 -42.79644012451172 -11.069197654724121 -0.16383275389671326 -0.17974847555160522 0.6455258131027222 -0.7239788174629211
55.400001525878906 4.056628227233887 -40.12992858886719 -9.82458782196045 -0.1506045013666153 -0.17250177264213562 0.6432427763938904 -0.7306170463562012
56.233333587646484 3.854381799697876 -37.130767822265625 -8.905251502990723 -0.1523742824792862 -0.16750933229923248 0.6451923847198486 -0.7296921014785767
56.86666488647461 3.5573360919952393 -34.93854522705078 -8.113811492919922 -0.1325293332338333 -0.15356671810150146 0.6517351269721985 -0.7308176159858704
56.96666717529297 3.485811948776245 -34.5236930847168 -7.99281644821167 -0.13672421872615814 -0.15964289009571075 0.6466360688209534 -0.7332684397697449
57.0 3.47356915473938 -34.503780364990234 -7.79913854598999 -0.1317429542541504 -0.15994304418563843 0.6450926065444946 -0.7354710698127747
57.03333282470703 3.451718807220459 -34.3482666015625 -7.817866325378418 -0.1330183446407318 -0.15673623979091644 0.6470268368721008 -0.7342321276664734
57.06666564941406 3.41597580909729 -34.19175338745117 -7.828944683074951 -0.1287970393896103 -0.15805846452713013 0.6470843553543091 -0.7346503138542175
57.099998474121094 3.448930501937866 -34.18586730957031 -7.657445907592773 -0.13130556046962738 -0.14822937548160553 0.6488659977912903 -0.7346842885017395
57.16666793823242 3.428912401199341 -33.87373733520508 -7.69974422454834 -0.13349156081676483 -0.15262866020202637 0.6495193243026733 -0.7328088879585266
57.20000076293945 3.4079437255859375 -33.74029541015625 -7.689286231994629 -0.1298401951789856 -0.15349560976028442 0.6499650478363037 -0.7328879833221436
57.233333587646484 3.4165351390838623 -33.64598083496094 -7.687398910522461 -0.12890954315662384 -0.14514628052711487 0.6524585485458374 -0.7325391173362732
57.266666412353516 3.374993324279785 -33.537269592285156 -7.651697635650635 -0.12257027626037598 -0.15433698892593384 0.6488366723060608 -0.7349606156349182
57.29999923706055 3.3891074657440186 -33.3950080871582 -7.670007228851318 -0.12183172255754471 -0.14757481217384338 0.652513861656189 -0.7332153916358948
57.400001525878906 3.369241952896118 -33.170997619628906 -7.368085861206055 -0.12259122729301453 -0.14493532478809357 0.6526926159858704 -0.7334569096565247
57.43333435058594 3.341784715652466 -33.02993392944336 -7.37295389175415 -0.11900311708450317 -0.14540348947048187 0.6553278565406799 -0.7316026091575623
57.46666717529297 3.3424999713897705 -32.87184143066406 -7.378021240234375 -0.1148703396320343 -0.14675453305244446 0.6561887860298157 -0.7312213182449341
57.5 3.361468553543091 -32.738277435302734 -7.340971946716309 -0.11323898285627365 -0.14133988320827484 0.6543577313423157 -0.7341769933700562
57.599998474121094 3.227043390274048 -32.39175796508789 -7.330167293548584 -0.10385366529226303 -0.13989108800888062 0.6559298038482666 -0.7344390153884888
58.43333435058594 2.915548324584961 -29.394817352294922 -6.680992603302002 -0.09058455377817154 -0.12528252601623535 0.6559473276138306 -0.7388039827346802
59.29999923706055 2.5940101146698 -26.28285026550293 -6.060446739196777 -0.080594003200531 -0.11405691504478455 0.6582543253898621 -0.7397279739379883
60.266666412353516 2.19331955909729 -22.75210952758789 -5.524949550628662 -0.06999428570270538 -0.10009605437517166 0.659742534160614 -0.7414993047714233
61.29999923706055 1.8392918109893799 -18.98664093017578 -5.210881233215332 -0.05878369137644768 -0.08649364113807678 0.6646843552589417 -0.7397682666778564
62.266666412353516 1.505417823791504 -15.450664520263672 -4.8795576095581055 -0.05707579106092453 -0.07461019605398178 0.6602354645729065 -0.7451612949371338
63.33333206176758 1.1082344055175781 -11.640512466430664 -4.3169026374816895 -0.038979753851890564 -0.052918024361133575 0.6643450856208801 -0.7445307374000549
64.23332977294922 1.0188199281692505 -8.22574234008789 -4.490949630737305 -0.04918632656335831 -0.030686456710100174 0.8866584897041321 -0.4587768614292145
65.19999694824219 4.461968421936035 -7.750277996063232 -4.222066402435303 -0.011796870268881321 -0.020107600837945938 0.9756014347076416 0.21830938756465912
66.19999694824219 6.1931538581848145 -10.830002784729004 -4.559004306793213 0.013446060940623283 -0.029946064576506615 0.7449269890785217 0.6663388609886169
67.33333587646484 6.642336368560791 -14.973663330078125 -4.740103244781494 0.028607390820980072 -0.04907775670289993 0.7409193515777588 0.669187605381012
68.26667022705078 6.946255207061768 -18.48857879638672 -5.280490398406982 0.04197908565402031 -0.05168768763542175 0.7424991726875305 0.6665294766426086
69.16666412353516 7.286660671234131 -21.83552360534668 -5.961780071258545 0.05628166347742081 -0.0703810304403305 0.7429580688476562 0.6632441282272339
69.96666717529297 7.613508701324463 -24.924352645874023 -6.329400062561035 0.05295337736606598 -0.08447781205177307 0.7382614612579346 0.6671056151390076
70.83333587646484 7.942817687988281 -28.120840072631836 -7.237547874450684 0.06739933788776398 -0.10046765208244324 0.7334206104278564 0.6689230799674988
71.69999694824219 8.163894653320312 -31.224878311157227 -8.300257682800293 0.08055990189313889 -0.12360267341136932 0.7348411679267883 0.6619971394538879
72.43333435058594 8.569820404052734 -33.800872802734375 -9.116061210632324 0.059654947370290756 -0.1974010467529297 0.8433036208152771 0.4963008165359497
73.16666412353516 10.993124008178711 -34.38469314575195 -9.697518348693848 -0.029726913198828697 -0.2551138699054718 0.9629501104354858 -0.08222676813602448
73.73332977294922 12.950953483581543 -33.74915313720703 -9.531156539916992 -0.027068043127655983 -0.2822871506214142 0.868584156036377 -0.4063768684864044
74.26667022705078 13.195505142211914 -32.00337600708008 -8.719158172607422 -0.11525405198335648 -0.20137818157672882 0.5375174283981323 -0.8107023239135742
75.0 12.082782745361328 -29.484832763671875 -7.694268226623535 -0.09825516492128372 -0.1828148066997528 0.5300378799438477 -0.8221834301948547
75.86666870117188 10.913363456726074 -26.413373947143555 -6.665886878967285 -0.0988539382815361 -0.17285864055156708 0.5343461036682129 -0.8214753270149231
76.73332977294922 9.589722633361816 -23.397226333618164 -5.987087726593018 -0.07961905747652054 -0.13977324962615967 0.5364362597465515 -0.828469455242157
77.46666717529297 8.53870964050293 -20.765602111816406 -4.919463634490967 -0.07871423661708832 -0.12977872788906097 0.5342130064964294 -0.8316117525100708
78.19999694824219 7.344854831695557 -18.065155029296875 -4.630690574645996 -0.06332024186849594 -0.11347588896751404 0.534963071346283 -0.8348222970962524
79.0999984741211 6.03755521774292 -14.919647216796875 -3.919853925704956 -0.05006797984242439 -0.09577948600053787 0.5405535101890564 -0.8343390226364136
80.16666412353516 4.373300552368164 -11.155344009399414 -3.479832887649536 -0.038725487887859344 -0.09102994203567505 0.5456938147544861 -0.832125186920166
81.23332977294922 2.6863765716552734 -7.338850975036621 -3.3561642169952393 -0.02593892812728882 -0.08679361641407013 0.5426065921783447 -0.8350882530212402
82.33333587646484 1.019822359085083 -3.5018651485443115 -3.16616153717041 -0.00878986343741417 -0.06305569410324097 0.5418380498886108 -0.8380683064460754
83.23332977294922 -0.27210843563079834 -0.0890459269285202 -3.244903087615967 0.04755508527159691 0.04254855215549469 0.5432055592536926 -0.8371712565422058
85.63333129882812 0.12778085470199585 -0.02077307179570198 -1.057880163192749 -0.019160550087690353 0.0035929905716329813 0.017947297543287277 -0.999648928642273
85.76667022705078 0.12499236315488815 -0.04054560884833336 -0.7161746621131897 -0.022245842963457108 -0.012236565351486206 0.03667450323700905 -0.9990048408508301
