# SLAM trajectory with rescaled timestamps
# Original duration: 85.77s, New duration: 1354.34s
# Scale factor: 15.7910x
# Format: t x y z qx qy qz qw
0.000000000 0.000000000 0.000000000 0.000000000 0.000000000 0.000000000 0.000000000 1.000000000
24.739207863 -2.021296865 2.825843391 0.000000000 0.000000000 0.000000000 0.000000000 1.000000000
76.849453509 -17.525059705 37.419303495 0.000000000 0.000000000 0.000000000 0.000000000 1.000000000
96.324995926 -49.310046002 107.904842266 0.000000000 0.000000000 0.000000000 0.000000000 1.000000000
116.853277067 -80.012853938 181.419295218 0.000000000 0.000000000 0.000000000 0.000000000 1.000000000
133.170625863 -98.162231917 241.203842724 0.000000000 0.000000000 0.000000000 0.000000000 1.000000000
151.593444589 -38.601689082 280.087319654 0.000000000 0.000000000 0.000000000 0.000000000 1.000000000
172.648083824 36.948777302 314.904065706 0.000000000 0.000000000 0.000000000 0.000000000 1.000000000
194.755454251 117.694441092 348.169198668 0.000000000 0.000000000 0.000000000 0.000000000 1.000000000
215.283735407 189.297452963 381.231573458 0.000000000 0.000000000 0.000000000 0.000000000 1.000000000
236.338374642 265.692365002 421.077485564 0.000000000 0.000000000 0.000000000 0.000000000 1.000000000
256.866655782 338.854286378 449.997318876 0.000000000 0.000000000 0.000000000 0.000000000 1.000000000
278.447668145 413.147130139 487.666643990 0.000000000 0.000000000 0.000000000 0.000000000 1.000000000
298.975934237 482.806660613 517.256499328 0.000000000 0.000000000 0.000000000 0.000000000 1.000000000
320.030588521 556.995289475 551.042025460 0.000000000 0.000000000 0.000000000 0.000000000 1.000000000
341.085242805 629.330703526 582.135522465 0.000000000 0.000000000 0.000000000 0.000000000 1.000000000
359.508046483 693.406608752 579.397426894 0.000000000 0.000000000 0.000000000 0.000000000 1.000000000
374.772671604 708.918206822 527.567341426 0.000000000 0.000000000 0.000000000 0.000000000 1.000000000
391.616370931 655.950216714 500.496297868 0.000000000 0.000000000 0.000000000 0.000000000 1.000000000
408.460100387 600.076439710 474.362577108 0.000000000 0.000000000 0.000000000 0.000000000 1.000000000
425.830187907 541.438832985 447.342114390 0.000000000 0.000000000 0.000000000 0.000000000 1.000000000
444.252991584 476.536807722 416.946075969 0.000000000 0.000000000 0.000000000 0.000000000 1.000000000
461.096721041 421.790605854 390.275489170 0.000000000 0.000000000 0.000000000 0.000000000 1.000000000
477.940420368 361.547084287 360.697301605 0.000000000 0.000000000 0.000000000 0.000000000 1.000000000
495.836865982 303.010577319 332.735902196 0.000000000 0.000000000 0.000000000 0.000000000 1.000000000
514.259669644 236.179582706 300.662938161 0.000000000 0.000000000 0.000000000 0.000000000 1.000000000
532.682503451 173.197751082 269.169731417 0.000000000 0.000000000 0.000000000 0.000000000 1.000000000
551.631695321 106.885429402 235.801384860 0.000000000 0.000000000 0.000000000 0.000000000 1.000000000
571.107245254 40.082618190 202.191634061 0.000000000 0.000000000 0.000000000 0.000000000 1.000000000
593.740943646 27.750017380 137.081281365 0.000000000 0.000000000 0.000000000 0.000000000 1.000000000
611.111061295 89.432852429 133.020163932 0.000000000 0.000000000 0.000000000 0.000000000 1.000000000
630.586611244 160.123646092 163.906451269 0.000000000 0.000000000 0.000000000 0.000000000 1.000000000
650.588519257 229.741709062 194.785614247 0.000000000 0.000000000 0.000000000 0.000000000 1.000000000
668.484934742 292.052733949 223.988254485 0.000000000 0.000000000 0.000000000 0.000000000 1.000000000
687.434126612 356.884806890 253.559771906 0.000000000 0.000000000 0.000000000 0.000000000 1.000000000
704.277825939 415.755688762 281.893531761 0.000000000 0.000000000 0.000000000 0.000000000 1.000000000
721.121585508 473.586658506 308.568406898 0.000000000 0.000000000 0.000000000 0.000000000 1.000000000
737.438926772 531.484698269 333.534247504 0.000000000 0.000000000 0.000000000 0.000000000 1.000000000
754.808984178 589.677973411 360.062764832 0.000000000 0.000000000 0.000000000 0.000000000 1.000000000
773.231817969 650.892398037 386.377778229 0.000000000 0.000000000 0.000000000 0.000000000 1.000000000
789.549159233 704.244809651 411.020198139 0.000000000 0.000000000 0.000000000 0.000000000 1.000000000
801.655575653 744.160622207 423.701177211 0.000000000 0.000000000 0.000000000 0.000000000 1.000000000
816.393842696 779.018844076 381.530978339 0.000000000 0.000000000 0.000000000 0.000000000 1.000000000
831.132109738 759.547736020 339.989409958 0.000000000 0.000000000 0.000000000 0.000000000 1.000000000
847.449450986 705.173692554 315.604852929 0.000000000 0.000000000 0.000000000 0.000000000 1.000000000
862.187657785 659.717980978 295.513778215 0.000000000 0.000000000 0.000000000 0.000000000 1.000000000
874.820492527 618.028984288 278.112839960 0.000000000 0.000000000 0.000000000 0.000000000 1.000000000
887.979625106 572.687757051 255.859038426 0.000000000 0.000000000 0.000000000 0.000000000 1.000000000
897.980548983 538.292204906 241.764013033 0.000000000 0.000000000 0.000000000 0.000000000 1.000000000
899.559683447 531.654615988 239.319504710 0.000000000 0.000000000 0.000000000 0.000000000 1.000000000
900.086041526 531.262002207 239.330362700 0.000000000 0.000000000 0.000000000 0.000000000 1.000000000
900.612399605 528.815482662 238.341802592 0.000000000 0.000000000 0.000000000 0.000000000 1.000000000
901.138757668 526.237703680 237.547003853 0.000000000 0.000000000 0.000000000 0.000000000 1.000000000
901.665115747 526.428914262 237.018015149 0.000000000 0.000000000 0.000000000 0.000000000 1.000000000
902.717892132 521.718796991 234.687017185 0.000000000 0.000000000 0.000000000 0.000000000 1.000000000
903.244250211 519.600861582 233.871059092 0.000000000 0.000000000 0.000000000 0.000000000 1.000000000
903.770608290 518.300627814 232.953678892 0.000000000 0.000000000 0.000000000 0.000000000 1.000000000
904.296966354 516.369718751 232.644858830 0.000000000 0.000000000 0.000000000 0.000000000 1.000000000
904.823324433 514.418186211 231.244299604 0.000000000 0.000000000 0.000000000 0.000000000 1.000000000
906.402458897 510.991616331 229.651397575 0.000000000 0.000000000 0.000000000 0.000000000 1.000000000
906.928816976 508.708261089 228.865824825 0.000000000 0.000000000 0.000000000 0.000000000 1.000000000
907.455175039 506.413797103 227.527238093 0.000000000 0.000000000 0.000000000 0.000000000 1.000000000
907.981533118 504.629609326 226.129109960 0.000000000 0.000000000 0.000000000 0.000000000 1.000000000
909.560607339 498.457910149 225.173983517 0.000000000 0.000000000 0.000000000 0.000000000 1.000000000
922.719800160 452.231161366 204.528558792 0.000000000 0.000000000 0.000000000 0.000000000 1.000000000
936.405290802 404.246236858 183.062907079 0.000000000 0.000000000 0.000000000 0.000000000 1.000000000
951.669915908 349.502573209 159.230802674 0.000000000 0.000000000 0.000000000 0.000000000 1.000000000
967.987257171 291.735309013 132.747673803 0.000000000 0.000000000 0.000000000 0.000000000 1.000000000
983.251882277 237.476803251 107.899305981 0.000000000 0.000000000 0.000000000 0.000000000 1.000000000
1000.095581620 178.696767851 81.668756074 0.000000000 0.000000000 0.000000000 0.000000000 1.000000000
1014.307430340 128.255759537 54.281438533 0.000000000 0.000000000 0.000000000 0.000000000 1.000000000
1029.572055446 150.263911237 0.184172670 0.000000000 0.000000000 0.000000000 0.000000000 1.000000000
1045.363038631 209.622499539 0.866555029 0.000000000 0.000000000 0.000000000 0.000000000 1.000000000
1063.259574585 273.692421496 29.142340341 0.000000000 0.000000000 0.000000000 0.000000000 1.000000000
1077.997841627 327.392798787 54.249659822 0.000000000 0.000000000 0.000000000 0.000000000 1.000000000
1092.209630121 378.955495844 77.414878594 0.000000000 0.000000000 0.000000000 0.000000000 1.000000000
1104.842464847 426.648337794 98.608875677 0.000000000 0.000000000 0.000000000 0.000000000 1.000000000
1118.528015731 475.928439151 120.671530134 0.000000000 0.000000000 0.000000000 0.000000000 1.000000000
1132.213446146 522.953984868 143.532424881 0.000000000 0.000000000 0.000000000 0.000000000 1.000000000
1143.793564746 563.848700917 159.267262844 0.000000000 0.000000000 0.000000000 0.000000000 1.000000000
1155.373562860 592.702968573 128.909548847 0.000000000 0.000000000 0.000000000 0.000000000 1.000000000
1164.321770595 599.903214131 95.080969352 0.000000000 0.000000000 0.000000000 0.000000000 1.000000000
1172.743740735 576.554194092 76.855635586 0.000000000 0.000000000 0.000000000 0.000000000 1.000000000
1184.323738850 530.557482489 71.888368338 0.000000000 0.000000000 0.000000000 0.000000000 1.000000000
1198.009289734 476.038728476 63.100925949 0.000000000 0.000000000 0.000000000 0.000000000 1.000000000
1211.694720149 421.029174257 57.022313206 0.000000000 0.000000000 0.000000000 0.000000000 1.000000000
1223.274838732 373.905409655 50.207060927 0.000000000 0.000000000 0.000000000 0.000000000 1.000000000
1234.854836846 324.580119990 44.892162489 0.000000000 0.000000000 0.000000000 0.000000000 1.000000000
1249.066745810 267.825475989 37.488970916 0.000000000 0.000000000 0.000000000 0.000000000 1.000000000
1265.910445153 199.067591795 30.081317343 0.000000000 0.000000000 0.000000000 0.000000000 1.000000000
1282.754144480 129.359819440 22.565073738 0.000000000 0.000000000 0.000000000 0.000000000 1.000000000
1300.124322355 59.524979557 14.580255130 0.000000000 0.000000000 0.000000000 0.000000000 1.000000000
1314.336110849 -0.990311897 4.707668196 0.000000000 0.000000000 0.000000000 0.000000000 1.000000000
1352.234494589 1.375800289 -1.684874754 0.000000000 0.000000000 0.000000000 0.000000000 1.000000000
1354.340047359 1.640092230 -1.478183652 0.000000000 0.000000000 0.000000000 0.000000000 1.000000000
