0.0 0.0 0.0 0.0 0.0 0.0 0.0 1.0
0.1666666716337204 -0.1477825790643692 -0.036722294986248016 0.15932033956050873 -0.011004222556948662 0.01900194212794304 -0.003884856356307864 0.9997517466545105
0.2666666805744171 -0.0743018165230751 -0.03666241094470024 0.11593008041381836 -0.0018548385705798864 0.006606847047805786 -0.0031441610772162676 0.9999722242355347
0.30000001192092896 -0.07357081770896912 -0.06036064773797989 0.06653819233179092 -0.00602369662374258 0.0062711406499147415 -0.00425164308398962 0.9999532103538513
0.3333333432674408 -0.2625296413898468 -0.05042807012796402 -0.2911624610424042 0.001227065222337842 0.02227933332324028 -0.004029877483844757 0.9997431039810181
1.1666666269302368 -0.14646239578723907 -0.03601808100938797 0.2745153605937958 -0.00010800620657391846 0.030790163204073906 -0.012749902904033661 0.9994447231292725
1.2333333492279053 -0.2322840690612793 -0.06831292808055878 -0.08449188619852066 -0.005369382444769144 0.04373617470264435 -0.007965761236846447 0.9989968538284302
1.2666666507720947 -0.06963163614273071 -0.0964246541261673 0.11626418679952621 -0.001347952289506793 0.004373620729893446 -0.007082044146955013 0.9999644756317139
1.2999999523162842 -0.13597768545150757 -0.07525220513343811 -0.3888331949710846 -0.006649326533079147 0.009605529718101025 -0.01143055222928524 0.999866247177124
1.3333333730697632 -0.14516758918762207 -0.08741381019353867 -0.47002068161964417 -0.010755167342722416 0.009070896543562412 -0.011120803654193878 0.9998395442962646
1.3666666746139526 -0.12887316942214966 -0.005552504677325487 -0.07056421786546707 -0.014647063799202442 0.018480990082025528 -0.014784389175474644 0.99961256980896
1.399999976158142 -0.27284377813339233 0.07978545129299164 -0.21468845009803772 -0.0035837076138705015 0.03655163198709488 -0.013167543336749077 0.9992385506629944
1.4333332777023315 -0.27699634432792664 0.047573234885931015 -0.40900760889053345 -0.0033408324234187603 0.033453695476055145 -0.012324126437306404 0.9993587136268616
86.0999984741211 0.18267881870269775 0.06104390323162079 0.753052830696106 0.03573814406991005 -0.008754960261285305 -0.04339629411697388 0.9983801245689392
