# SLAM trajectory with rescaled timestamps
# Original duration: 86.10s, New duration: 1354.34s
# Scale factor: 15.7298x
# Format: t x y z qx qy qz qw
0.000000000 0.000000000 0.000000000 0.000000000 0.000000000 0.000000000 0.000000000 1.000000000
2.621641724 -122.340703892 425.383529827 0.000000000 0.000000000 0.000000000 0.000000000 1.000000000
4.194626850 -15.697270565 240.323552148 0.000000000 0.000000000 0.000000000 0.000000000 1.000000000
4.718955141 45.020649369 272.925537522 0.000000000 0.000000000 0.000000000 0.000000000 1.000000000
5.243283433 -254.608258357 734.155488769 0.000000000 0.000000000 0.000000000 0.000000000 1.000000000
18.351490858 -122.194715250 421.036757547 0.000000000 0.000000000 0.000000000 0.000000000 1.000000000
19.400148384 -165.628970659 684.011563794 0.000000000 0.000000000 0.000000000 0.000000000 1.000000000
19.924476220 141.529543233 315.423517165 0.000000000 0.000000000 0.000000000 0.000000000 1.000000000
20.448804039 -8.192666166 451.665023573 0.000000000 0.000000000 0.000000000 0.000000000 1.000000000
20.973133746 9.065451828 492.473965680 0.000000000 0.000000000 0.000000000 0.000000000 1.000000000
21.497461581 -173.322115608 332.481916972 0.000000000 0.000000000 0.000000000 0.000000000 1.000000000
22.021789401 -597.384617278 570.871800725 0.000000000 0.000000000 0.000000000 0.000000000 1.000000000
22.546117236 -522.332067098 628.141070456 0.000000000 0.000000000 0.000000000 0.000000000 1.000000000
1354.340047359 111.832862214 -548.575860374 0.000000000 0.000000000 0.000000000 0.000000000 1.000000000
